#Distance	x(m)	y(m)	Elevation(m)
0	2597665.307	1197629.891	609.4249878
3.70234815	2597667.568	1197632.823	609.3839722
7.4046963	2597669.829	1197635.755	609.2080078
11.10704445	2597672.09	1197638.686	609.190979
14.8093926	2597674.351	1197641.618	609.0369873
18.51174075	2597676.611	1197644.55	609.1699829
22.2140889	2597678.872	1197647.482	608.960022
25.91643705	2597681.133	1197650.414	608.5540161
29.6187852	2597683.394	1197653.346	608.4920044
33.32113335	2597685.655	1197656.278	608.7559814
37.0234815	2597687.916	1197659.209	608.8129883
40.72582965	2597690.177	1197662.141	608.6829834
44.4281778	2597692.438	1197665.073	608.6829834
48.13052595	2597694.698	1197668.005	608.3389893
51.8328741	2597696.959	1197670.937	608.6500244
55.53522225	2597699.22	1197673.869	608.6129761
59.2375704	2597701.481	1197676.801	609.1370239
62.93991855	2597703.742	1197679.732	609.1459961
66.6422667	2597706.003	1197682.664	609.1589966
70.34461485	2597708.264	1197685.596	609.3540039
74.046963	2597710.525	1197688.528	610.5570068
77.74931115	2597712.785	1197691.46	610.7249756
81.4516593	2597715.046	1197694.392	610.8709717
85.15400745	2597717.307	1197697.324	611.0300293
88.8563556	2597719.568	1197700.256	611.4970093
92.55870375	2597721.829	1197703.187	611.7219849
96.2610519	2597724.09	1197706.119	611.7540283
99.96340005	2597726.351	1197709.051	611.875
103.6657482	2597728.612	1197711.983	611.8099976
107.3680964	2597730.872	1197714.915	612.3259888
111.0704445	2597733.133	1197717.847	612.9940186
114.7727927	2597735.394	1197720.779	612.8920288
118.4751408	2597737.655	1197723.71	614.4140015
122.177489	2597739.916	1197726.642	614.5460205
125.8798371	2597742.177	1197729.574	614.6920166
129.5821853	2597744.438	1197732.506	615.0869751
133.2845334	2597746.699	1197735.438	615.5239868
136.9868816	2597748.959	1197738.37	615.8430176
140.6892297	2597751.22	1197741.302	616.223999
144.3915779	2597753.481	1197744.234	616.5679932
148.093926	2597755.742	1197747.165	616.8499756
151.7962742	2597758.003	1197750.097	617.3150024
155.4986223	2597760.264	1197753.029	617.625
159.2009705	2597762.525	1197755.961	617.625
162.9033186	2597764.786	1197758.893	618.2000122
166.6056668	2597767.046	1197761.825	618.4639893
170.3080149	2597769.307	1197764.757	618.6729736
174.0103631	2597771.568	1197767.688	618.8499756
177.7127112	2597773.829	1197770.62	619.1170044
181.4150594	2597776.09	1197773.552	619.2059937
185.1174075	2597778.351	1197776.484	619.7960205
188.8197557	2597780.612	1197779.416	619.617981
192.5221038	2597782.873	1197782.348	619.6669922
196.224452	2597785.133	1197785.28	619.7329712
199.9268001	2597787.394	1197788.212	619.8709717
203.6291483	2597789.655	1197791.143	619.9370117
207.3314964	2597791.916	1197794.075	620.1459961
211.0338446	2597794.177	1197797.007	620.0819702
214.7361927	2597796.438	1197799.939	620.3649902
218.4385409	2597798.699	1197802.871	620.7630005
222.140889	2597800.96	1197805.803	620.7769775
225.8432372	2597803.22	1197808.735	620.7639771
229.5455853	2597805.481	1197811.666	620.7139893
233.2479335	2597807.742	1197814.598	620.9769897
236.9502816	2597810.003	1197817.53	621.0319824
240.6526298	2597812.264	1197820.462	621.2449951
244.3549779	2597814.525	1197823.394	621.25
248.0573261	2597816.786	1197826.326	621.5969849
251.7596742	2597819.047	1197829.258	621.4429932
255.4620224	2597821.307	1197832.189	621.2659912
259.1643705	2597823.568	1197835.121	621.0980225
262.8667187	2597825.829	1197838.053	620.9869995
266.5690668	2597828.09	1197840.985	620.8259888
270.271415	2597830.351	1197843.917	620.7689819
273.9737631	2597832.612	1197846.849	620.5689697
277.6761113	2597834.873	1197849.781	620.315979
281.3784594	2597837.134	1197852.713	619.8200073
285.0808076	2597839.394	1197855.644	619.8060303
288.7831557	2597841.655	1197858.576	619.5059814
292.4855039	2597843.916	1197861.508	619.2730103
296.187852	2597846.177	1197864.44	619.0209961
299.8902002	2597848.438	1197867.372	618.7659912
303.5925483	2597850.699	1197870.304	618.3989868
307.2948965	2597852.96	1197873.236	618.3099976
310.9972446	2597855.221	1197876.167	617.9359741
314.6995928	2597857.481	1197879.099	617.5880127
318.4019409	2597859.742	1197882.031	617.6719971
322.1042891	2597862.003	1197884.963	617.5109863
325.8066372	2597864.264	1197887.895	617.4810181
329.5089854	2597866.525	1197890.827	616.6589966
333.2113335	2597868.786	1197893.759	616.3369751
336.9136817	2597871.047	1197896.691	616.0050049
340.6160298	2597873.307	1197899.622	615.8889771
344.318378	2597875.568	1197902.554	615.8239746
348.0207261	2597877.829	1197905.486	615.3250122
351.7230743	2597880.09	1197908.418	615.2579956
355.4254224	2597882.351	1197911.35	615.1610107
359.1277706	2597884.612	1197914.282	614.9249878
362.8301187	2597886.873	1197917.214	614.7550049
366.5324669	2597889.134	1197920.145	614.473999
370.234815	2597891.394	1197923.077	614.3540039
373.9371632	2597893.655	1197926.009	614.0900269
377.6395113	2597895.916	1197928.941	613.8920288
381.3418595	2597898.177	1197931.873	613.5819702
385.0442076	2597900.438	1197934.805	613.0620117
388.7465558	2597902.699	1197937.737	612.8460083
392.4489039	2597904.96	1197940.668	612.6370239
396.1512521	2597907.221	1197943.6	612.5
399.8536002	2597909.481	1197946.532	612.0460205
403.5559484	2597911.742	1197949.464	611.7700195
407.2582965	2597914.003	1197952.396	610.9400024
410.9606447	2597916.264	1197955.328	610.6339722
414.6629928	2597918.525	1197958.26	610.4140015
418.365341	2597920.786	1197961.192	610.0250244
422.0676891	2597923.047	1197964.123	609.4890137
425.7700373	2597925.308	1197967.055	609.3590088
429.4723854	2597927.568	1197969.987	608.6790161
433.1747336	2597929.829	1197972.919	608.2709961
436.8770817	2597932.09	1197975.851	607.6970215
440.5794299	2597934.351	1197978.783	607.2659912
444.281778	2597936.612	1197981.715	606.8099976
447.9841262	2597938.873	1197984.646	605.9860229
451.6864743	2597941.134	1197987.578	605.4420166
455.3888225	2597943.395	1197990.51	605.1779785
459.0911706	2597945.655	1197993.442	604.4140015
462.7935188	2597947.916	1197996.374	603.1270142
466.4958669	2597950.177	1197999.306	601.8060303
470.1982151	2597952.438	1198002.238	600.5239868
473.9005632	2597954.699	1198005.17	599.3309937
477.6029114	2597956.96	1198008.101	598.3579712
481.3052595	2597959.221	1198011.033	597.8640137
485.0076077	2597961.482	1198013.965	596.322998
488.7099558	2597963.742	1198016.897	594.5250244
492.412304	2597966.003	1198019.829	593.3989868
496.1146521	2597968.264	1198022.761	591.3900146
499.8170003	2597970.525	1198025.693	591.0239868
503.5193484	2597972.786	1198028.624	590.0139771
507.2216966	2597975.047	1198031.556	589.5830078
510.9240447	2597977.308	1198034.488	590.052002
514.6263929	2597979.569	1198037.42	589.2810059
518.328741	2597981.829	1198040.352	589.5549927
522.0310892	2597984.09	1198043.284	589.0339966
525.7334373	2597986.351	1198046.216	589.440979
529.4357855	2597988.612	1198049.147	589.6339722
533.1381336	2597990.873	1198052.079	590.0059814
536.8404818	2597993.134	1198055.011	590.1359863
540.5428299	2597995.395	1198057.943	590.1359863
544.2451781	2597997.656	1198060.875	589.6090088
547.9475262	2597999.916	1198063.807	589.2600098
551.6498744	2598002.177	1198066.739	588.1030273
555.3522225	2598004.438	1198069.671	587.2559814
559.0545707	2598006.699	1198072.602	586.7930298
562.7569188	2598008.96	1198075.534	586.4990234
566.459267	2598011.221	1198078.466	585.8829956
570.1616151	2598013.482	1198081.398	585.5819702
573.8639633	2598015.743	1198084.33	584.3740234
577.5663114	2598018.003	1198087.262	583.6989746
581.2686596	2598020.264	1198090.194	583.0570068
584.9710077	2598022.525	1198093.125	582.9069824
588.6733559	2598024.786	1198096.057	582.7919922
592.375704	2598027.047	1198098.989	582.2999878
596.0780522	2598029.308	1198101.921	582.2160034
599.7804003	2598031.569	1198104.853	582.2050171
603.4827485	2598033.83	1198107.785	581.6799927
607.1850966	2598036.09	1198110.717	581.1959839
610.8874448	2598038.351	1198113.649	581.0510254
614.5897929	2598040.612	1198116.58	580.3880005
618.2921411	2598042.873	1198119.512	579.9539795
621.9944892	2598045.134	1198122.444	579.2059937
625.6968374	2598047.395	1198125.376	578.5939941
629.3991855	2598049.656	1198128.308	578.4849854
633.1015337	2598051.917	1198131.24	577.7689819
636.8038818	2598054.177	1198134.172	576.742981
640.50623	2598056.438	1198137.103	576.2880249
644.2085781	2598058.699	1198140.035	575.6149902
647.9109263	2598060.96	1198142.967	575.1270142
651.6132744	2598063.221	1198145.899	574.4379883
655.3156226	2598065.482	1198148.831	574.0609741
659.0179707	2598067.743	1198151.763	573.7819824
662.7203189	2598070.003	1198154.695	572.5120239
666.422667	2598072.264	1198157.626	572.0739746
670.1250152	2598074.525	1198160.558	571.5579834
673.8273633	2598076.786	1198163.49	570.9329834
677.5297115	2598079.047	1198166.422	570.3930054
681.2320596	2598081.308	1198169.354	569.2810059
684.9344078	2598083.569	1198172.286	568.6610107
688.6367559	2598085.83	1198175.218	568.3060303
692.3391041	2598088.09	1198178.15	567.4849854
696.0414522	2598090.351	1198181.081	567.4799805
699.7438004	2598092.612	1198184.013	567.4849854
703.4461485	2598094.873	1198186.945	567.3510132
707.1484967	2598097.134	1198189.877	567.0670166
710.8508448	2598099.395	1198192.809	566.7340088
714.553193	2598101.656	1198195.741	566.4470215
718.2555411	2598103.917	1198198.673	566.8770142
721.9578893	2598106.177	1198201.604	566.0020142
725.6602374	2598108.438	1198204.536	565.8449707
729.3625856	2598110.699	1198207.468	565.684021
733.0649337	2598112.96	1198210.4	565.151001
736.7672819	2598115.221	1198213.332	564.9699707
740.46963	2598117.482	1198216.264	565.0759888
744.1719782	2598119.743	1198219.196	564.4840088
747.8743263	2598122.004	1198222.128	564.039978
751.5766745	2598124.264	1198225.059	564.1430054
755.2790226	2598126.525	1198227.991	564.0800171
758.9813708	2598128.786	1198230.923	563.6040039
762.6837189	2598131.047	1198233.855	563.4359741
766.3860671	2598133.308	1198236.787	563.1740112
770.0884152	2598135.569	1198239.719	562.9459839
773.7907634	2598137.83	1198242.651	562.7109985
777.4931115	2598140.091	1198245.582	562.5239868
781.1954597	2598142.351	1198248.514	562.447998
784.8978078	2598144.612	1198251.446	562.242981
788.600156	2598146.873	1198254.378	561.9769897
792.3025041	2598149.134	1198257.31	561.6690063
796.0048523	2598151.395	1198260.242	561.8309937
799.7072004	2598153.656	1198263.174	561.5130005
803.4095486	2598155.917	1198266.106	561.0109863
807.1118967	2598158.178	1198269.037	561.0009766
810.8142449	2598160.438	1198271.969	560.7180176
814.516593	2598162.699	1198274.901	560.3959961
818.2189412	2598164.96	1198277.833	560.1409912
821.9212893	2598167.221	1198280.765	559.1810303
825.6236375	2598169.482	1198283.697	558.684021
829.3259856	2598171.743	1198286.629	557.9400024
833.0283338	2598174.004	1198289.56	557.9609985
836.7306819	2598176.265	1198292.492	557.8519897
840.4330301	2598178.525	1198295.424	557.9329834
844.1353782	2598180.786	1198298.356	558.09198
847.8377264	2598183.047	1198301.288	558.1220093
851.5400745	2598185.308	1198304.22	558.0770264
855.2424227	2598187.569	1198307.152	558.2009888
858.9447708	2598189.83	1198310.083	558.1929932
862.647119	2598192.091	1198313.015	558.1879883
866.3494671	2598194.352	1198315.947	558.0529785
870.0518153	2598196.612	1198318.879	558.2080078
873.7541634	2598198.873	1198321.811	557.7789917
877.4565116	2598201.134	1198324.743	557.5319824
881.1588597	2598203.395	1198327.675	557.3380127
884.8612079	2598205.656	1198330.607	556.9910278
888.563556	2598207.917	1198333.538	557.0650024
892.2659042	2598210.178	1198336.47	557.098999
895.9682523	2598212.439	1198339.402	557.0670166
899.6706005	2598214.699	1198342.334	556.7529907
903.3729486	2598216.96	1198345.266	556.6060181
907.0752968	2598219.221	1198348.198	556.3359985
910.7776449	2598221.482	1198351.13	556.1550293
914.4799931	2598223.743	1198354.061	556.2689819
918.1823412	2598226.004	1198356.993	556.1740112
921.8846894	2598228.265	1198359.925	556.1779785
925.5870375	2598230.526	1198362.857	556.0339966
929.2893857	2598232.786	1198365.789	555.9530029
932.9917338	2598235.047	1198368.721	555.8099976
936.694082	2598237.308	1198371.653	555.7579956
940.3964301	2598239.569	1198374.585	555.6290283
944.0987783	2598241.83	1198377.516	555.5969849
947.8011264	2598244.091	1198380.448	555.6450195
951.5034746	2598246.352	1198383.38	555.6640015
955.2058227	2598248.613	1198386.312	555.7390137
958.9081709	2598250.873	1198389.244	555.7150269
962.610519	2598253.134	1198392.176	555.7020264
966.3128672	2598255.395	1198395.108	556.1480103
970.0152153	2598257.656	1198398.039	556.1959839
973.7175635	2598259.917	1198400.971	555.9849854
977.4199116	2598262.178	1198403.903	555.8610229
981.1222598	2598264.439	1198406.835	554.367981
984.8246079	2598266.699	1198409.767	554.2849731
988.5269561	2598268.96	1198412.699	553.1879883
992.2293042	2598271.221	1198415.631	553.0109863
995.9316524	2598273.482	1198418.562	553.1710205
999.6340005	2598275.743	1198421.494	552.8850098
1003.336349	2598278.004	1198424.426	552.4550171
1007.038697	2598280.265	1198427.358	552.4249878
1010.741045	2598282.526	1198430.29	552.0319824
1014.443393	2598284.786	1198433.222	552.0889893
1018.145741	2598287.047	1198436.154	552.1229858
1021.848089	2598289.308	1198439.086	552.0130005
1025.550438	2598291.569	1198442.017	551.8300171
1029.252786	2598293.83	1198444.949	551.7290039
1032.955134	2598296.091	1198447.881	551.5650024
1036.657482	2598298.352	1198450.813	551.4450073
1040.35983	2598300.613	1198453.745	551.3029785
1044.062178	2598302.873	1198456.677	551.1329956
1047.764526	2598305.134	1198459.609	550.9769897
1051.466875	2598307.395	1198462.54	550.8740234
1055.169223	2598309.656	1198465.472	550.7730103
1058.871571	2598311.917	1198468.404	550.882019
1062.573919	2598314.178	1198471.336	550.7579956
1066.276267	2598316.439	1198474.268	550.5079956
1069.978615	2598318.7	1198477.2	549.8040161
1073.680964	2598320.96	1198480.132	549.8359985
1077.383312	2598323.221	1198483.064	549.7059937
1081.08566	2598325.482	1198485.995	549.6439819
1084.788008	2598327.743	1198488.927	549.492981
1088.490356	2598330.004	1198491.859	549.7260132
1092.192704	2598332.265	1198494.791	549.6719971
1095.895052	2598334.526	1198497.723	549.6829834
1099.597401	2598336.787	1198500.655	549.7420044
1103.299749	2598339.047	1198503.587	549.664978
1107.002097	2598341.308	1198506.518	549.6420288
1110.704445	2598343.569	1198509.45	549.6119995
1114.406793	2598345.83	1198512.382	549.5130005
1118.109141	2598348.091	1198515.314	549.4710083
1121.811489	2598350.352	1198518.246	549.4370117
1125.513838	2598352.613	1198521.178	549.3709717
1129.216186	2598354.874	1198524.11	549.3460083
1132.918534	2598357.134	1198527.041	549.3250122
1136.620882	2598359.395	1198529.973	549.3109741
1140.32323	2598361.656	1198532.905	549.3300171
1144.025578	2598363.917	1198535.837	549.3809814
1147.727927	2598366.178	1198538.769	549.3519897
1151.430275	2598368.439	1198541.701	549.3599854
1155.132623	2598370.7	1198544.633	549.3189697
1158.834971	2598372.961	1198547.565	549.3140259
1162.537319	2598375.221	1198550.496	549.2810059
1166.239667	2598377.482	1198553.428	549.2689819
1169.942015	2598379.743	1198556.36	549.2730103
1173.644364	2598382.004	1198559.292	549.2949829
1177.346712	2598384.265	1198562.224	549.2869873
1181.04906	2598386.526	1198565.156	549.2520142
1184.751408	2598388.787	1198568.088	549.1439819
1188.453756	2598391.048	1198571.019	549.1389771
1192.156104	2598393.308	1198573.951	549.1480103
1195.858452	2598395.569	1198576.883	549.1589966
1199.560801	2598397.83	1198579.815	549.1040039
1203.263149	2598400.091	1198582.747	549.132019
1206.965497	2598402.352	1198585.679	549.1469727
1210.667845	2598404.613	1198588.611	549.1469727
1214.370193	2598406.874	1198591.543	549.1329956
1218.072541	2598409.135	1198594.474	550.1240234
1221.77489	2598411.395	1198597.406	551.3569946
1225.477238	2598413.656	1198600.338	552.8449707
1229.179586	2598415.917	1198603.27	553.7009888
1232.881934	2598418.178	1198606.202	555.3410034
1236.584282	2598420.439	1198609.134	557.0040283
1240.28663	2598422.7	1198612.066	558.2160034
1243.988978	2598424.961	1198614.997	558.026001
1247.691327	2598427.222	1198617.929	558.6370239
1251.393675	2598429.482	1198620.861	558.3220215
1255.096023	2598431.743	1198623.793	557.434021
1258.798371	2598434.004	1198626.725	555.0650024
1262.500719	2598436.265	1198629.657	552.8660278
1266.203067	2598438.526	1198632.589	552.6290283
1269.905415	2598440.787	1198635.52	552.6920166
1273.607764	2598443.048	1198638.452	552.5
1277.310112	2598445.309	1198641.384	553.3939819
1281.01246	2598447.569	1198644.316	553.8670044
1284.714808	2598449.83	1198647.248	554.1300049
1288.417156	2598452.091	1198650.18	555.1829834
1292.119504	2598454.352	1198653.112	555.0960083
1295.821853	2598456.613	1198656.044	555.0969849
1299.524201	2598458.874	1198658.975	554.9829712
1303.226549	2598461.135	1198661.907	555.2990112
1306.928897	2598463.395	1198664.839	554.9359741
1310.631245	2598465.656	1198667.771	555.3029785
1314.333593	2598467.917	1198670.703	555.4660034
1318.035941	2598470.178	1198673.635	555.5739746
1321.73829	2598472.439	1198676.567	555.5640259
1325.440638	2598474.7	1198679.498	555.6160278
1329.142986	2598476.961	1198682.43	554.6339722
1332.845334	2598479.222	1198685.362	554.9840088
1336.547682	2598481.482	1198688.294	554.8369751
1340.25003	2598483.743	1198691.226	554.8410034
1343.952378	2598486.004	1198694.158	554.9310303
1347.654727	2598488.265	1198697.09	555.2000122
1351.357075	2598490.526	1198700.022	553.0289917
1355.059423	2598492.787	1198702.953	553.8410034
1358.761771	2598495.048	1198705.885	553.0100098
1362.464119	2598497.309	1198708.817	552.7739868
1366.166467	2598499.569	1198711.749	553.0390015
1369.868816	2598501.83	1198714.681	553.5640259
1373.571164	2598504.091	1198717.613	553.3880005
1377.273512	2598506.352	1198720.545	553.7059937
1380.97586	2598508.613	1198723.476	553.7340088
1384.678208	2598510.874	1198726.408	553.5380249
1388.380556	2598513.135	1198729.34	553.3380127
1392.082904	2598515.396	1198732.272	554.0700073
1395.785253	2598517.656	1198735.204	554.2180176
1399.487601	2598519.917	1198738.136	554.1900024
1403.189949	2598522.178	1198741.068	554.4819946
1406.892297	2598524.439	1198744	554.507019
1410.594645	2598526.7	1198746.931	554.4459839
1414.296993	2598528.961	1198749.863	554.3699951
1417.999341	2598531.222	1198752.795	553.9799805
1421.70169	2598533.483	1198755.727	553.4379883
1425.404038	2598535.743	1198758.659	551.6439819
1429.106386	2598538.004	1198761.591	550.414978
1432.808734	2598540.265	1198764.523	548.9580078
1436.511082	2598542.526	1198767.454	548.9719849
1440.21343	2598544.787	1198770.386	548.9420166
1443.915779	2598547.048	1198773.318	548.9089966
1447.618127	2598549.309	1198776.25	548.7189941
1451.320475	2598551.57	1198779.182	548.4290161
1455.022823	2598553.83	1198782.114	548.2600098
1458.725171	2598556.091	1198785.046	548.3649902
1462.427519	2598558.352	1198787.977	548.7579956
1466.129867	2598560.613	1198790.909	549.1480103
1469.832216	2598562.874	1198793.841	549.7670288
1473.534564	2598565.135	1198796.773	550.2930298
1477.236912	2598567.396	1198799.705	550.309021
1480.93926	2598569.657	1198802.637	549.4710083
1484.641608	2598571.917	1198805.569	549.1450195
1488.343956	2598574.178	1198808.501	549.0869751
1492.046304	2598576.439	1198811.432	549.0499878
1495.748653	2598578.7	1198814.364	548.9030151
1499.451001	2598580.961	1198817.296	548.8759766
1503.153349	2598583.222	1198820.228	548.9140015
1506.855697	2598585.483	1198823.16	548.9279785
1510.558045	2598587.744	1198826.092	548.7559814
1514.260393	2598590.004	1198829.024	548.8400269
1517.962742	2598592.265	1198831.955	548.8909912
1521.66509	2598594.526	1198834.887	548.7620239
1525.367438	2598596.787	1198837.819	548.7020264
1529.069786	2598599.048	1198840.751	548.6420288
1532.772134	2598601.309	1198843.683	548.1599731
1536.474482	2598603.57	1198846.615	547.5709839
1540.17683	2598605.831	1198849.547	546.7509766
1543.879179	2598608.091	1198852.479	546.3599854
1547.581527	2598610.352	1198855.41	546.5679932
1551.283875	2598612.613	1198858.342	546.46698
1554.986223	2598614.874	1198861.274	546.690979
1558.688571	2598617.135	1198864.206	546.5720215
1562.390919	2598619.396	1198867.138	546.8460083
1566.093267	2598621.657	1198870.07	546.822998
1569.795616	2598623.918	1198873.002	546.9780273
1573.497964	2598626.178	1198875.933	547.2420044
1577.200312	2598628.439	1198878.865	547.4990234
1580.90266	2598630.7	1198881.797	547.4429932
1584.605008	2598632.961	1198884.729	547.6409912
1588.307356	2598635.222	1198887.661	547.7080078
1592.009705	2598637.483	1198890.593	548.3699951
1595.712053	2598639.744	1198893.525	548.2420044
1599.414401	2598642.005	1198896.456	547.9290161
1603.116749	2598644.265	1198899.388	548.3079834
1606.819097	2598646.526	1198902.32	548.0980225
1610.521445	2598648.787	1198905.252	548.059021
1614.223793	2598651.048	1198908.184	548.2800293
1617.926142	2598653.309	1198911.116	548.492981
1621.62849	2598655.57	1198914.048	548.6409912
1625.330838	2598657.831	1198916.98	548.6409912
1629.033186	2598660.091	1198919.911	548.9869995
1632.735534	2598662.352	1198922.843	549.0529785
1636.437882	2598664.613	1198925.775	549.0479736
1640.14023	2598666.874	1198928.707	549.5369873
1643.842579	2598669.135	1198931.639	549.598999
1647.544927	2598671.396	1198934.571	549.5499878
1651.247275	2598673.657	1198937.503	549.5880127
1654.949623	2598675.918	1198940.434	549.835022
1658.651971	2598678.178	1198943.366	549.8859863
1662.354319	2598680.439	1198946.298	549.9450073
1666.056668	2598682.7	1198949.23	550.0859985
1669.759016	2598684.961	1198952.162	550.0720215
1673.461364	2598687.222	1198955.094	550.1569824
1677.163712	2598689.483	1198958.026	550.2919922
1680.86606	2598691.744	1198960.958	550.5339966
1684.568408	2598694.005	1198963.889	551.2280273
1688.270756	2598696.265	1198966.821	551.1810303
1691.973105	2598698.526	1198969.753	551.617981
1695.675453	2598700.787	1198972.685	551.6870117
1699.377801	2598703.048	1198975.617	551.5150146
1703.080149	2598705.309	1198978.549	551.3980103
1706.782497	2598707.57	1198981.481	551.5020142
1710.484845	2598709.831	1198984.412	551.4979858
1714.187193	2598712.092	1198987.344	551.492981
1717.889542	2598714.352	1198990.276	551.677002
1721.59189	2598716.613	1198993.208	551.8300171
1725.294238	2598718.874	1198996.14	551.8770142
1728.996586	2598721.135	1198999.072	551.9630127
1732.698934	2598723.396	1199002.004	552.0319824
1736.401282	2598725.657	1199004.935	552.0250244
1740.103631	2598727.918	1199007.867	552.0250244
1743.805979	2598730.179	1199010.799	552.1710205
1747.508327	2598732.439	1199013.731	552.1569824
1751.210675	2598734.7	1199016.663	552.3300171
1754.913023	2598736.961	1199019.595	552.3070068
1758.615371	2598739.222	1199022.527	552.5219727
1762.317719	2598741.483	1199025.459	552.5930176
1766.020068	2598743.744	1199028.39	552.5390015
1769.722416	2598746.005	1199031.322	552.5599976
1773.424764	2598748.266	1199034.254	552.6069946
1777.127112	2598750.526	1199037.186	552.6790161
1780.82946	2598752.787	1199040.118	552.8829956
1784.531808	2598755.048	1199043.05	552.8189697
1788.234156	2598757.309	1199045.982	553.0360107
1791.936505	2598759.57	1199048.913	553.6170044
1795.638853	2598761.831	1199051.845	553.5720215
1799.341201	2598764.092	1199054.777	553.6530151
1803.043549	2598766.353	1199057.709	553.4860229
1806.745897	2598768.613	1199060.641	553.6500244
1810.448245	2598770.874	1199063.573	553.6920166
1814.150594	2598773.135	1199066.505	553.6220093
1817.852942	2598775.396	1199069.437	553.6300049
1821.55529	2598777.657	1199072.368	553.697998
1825.257638	2598779.918	1199075.3	553.7050171
1828.959986	2598782.179	1199078.232	553.6619873
1832.662334	2598784.44	1199081.164	553.6099854
1836.364682	2598786.7	1199084.096	553.7550049
1840.067031	2598788.961	1199087.028	553.8079834
1843.769379	2598791.222	1199089.96	554.1599731
1847.471727	2598793.483	1199092.891	554.7210083
1851.174075	2598795.744	1199095.823	554.7089844
1854.876423	2598798.005	1199098.755	555.0560303
1858.578771	2598800.266	1199101.687	555.1049805
1862.281119	2598802.527	1199104.619	555.5280151
1865.983468	2598804.787	1199107.551	555.473999
1869.685816	2598807.048	1199110.483	555.6829834
1873.388164	2598809.309	1199113.414	555.8369751
1877.090512	2598811.57	1199116.346	555.4489746
1880.79286	2598813.831	1199119.278	555.3720093
1884.495208	2598816.092	1199122.21	555.3569946
1888.197557	2598818.353	1199125.142	556.0189819
1891.899905	2598820.614	1199128.074	556.3850098
1895.602253	2598822.874	1199131.006	556.3930054
1899.304601	2598825.135	1199133.938	556.6329956
1903.006949	2598827.396	1199136.869	556.7199707
1906.709297	2598829.657	1199139.801	554.2639771
1910.411645	2598831.918	1199142.733	553.7030029
1914.113994	2598834.179	1199145.665	553.5999756
1917.816342	2598836.44	1199148.597	551.3880005
1921.51869	2598838.701	1199151.529	550.2470093
1925.221038	2598840.961	1199154.461	548.5150146
1928.923386	2598843.222	1199157.392	546.8359985
1932.625734	2598845.483	1199160.324	546.2369995
1936.328082	2598847.744	1199163.256	545.8259888
1940.030431	2598850.005	1199166.188	545.4060059
1943.732779	2598852.266	1199169.12	545.2509766
1947.435127	2598854.527	1199172.052	543.2780151
1951.137475	2598856.787	1199174.984	542.3330078
1954.839823	2598859.048	1199177.916	541.7449951
1958.542171	2598861.309	1199180.847	541.6170044
1962.24452	2598863.57	1199183.779	541.5859985
1965.946868	2598865.831	1199186.711	541.4829712
1969.649216	2598868.092	1199189.643	541.2709961
1973.351564	2598870.353	1199192.575	540.7529907
1977.053912	2598872.614	1199195.507	540.5280151
1980.75626	2598874.874	1199198.439	540.5980225
1984.458608	2598877.135	1199201.37	540.7269897
1988.160957	2598879.396	1199204.302	540.7399902
1991.863305	2598881.657	1199207.234	540.4790039
1995.565653	2598883.918	1199210.166	540.4520264
1999.268001	2598886.179	1199213.098	537.9609985
2002.970349	2598888.44	1199216.03	538.5570068
2006.672697	2598890.701	1199218.962	537.6339722
2010.375045	2598892.961	1199221.893	537.7940063
2014.077394	2598895.222	1199224.825	537.6079712
2017.779742	2598897.483	1199227.757	537.5189819
2021.48209	2598899.744	1199230.689	537.3040161
2025.184438	2598902.005	1199233.621	537.3259888
2028.886786	2598904.266	1199236.553	537.3179932
2032.589134	2598906.527	1199239.485	537.2880249
2036.291483	2598908.788	1199242.417	537.1820068
2039.993831	2598911.048	1199245.348	537.0009766
2043.696179	2598913.309	1199248.28	536.0369873
2047.398527	2598915.57	1199251.212	535.0720215
2051.100875	2598917.831	1199254.144	534.5050049
2054.803223	2598920.092	1199257.076	533.7559814
2058.505571	2598922.353	1199260.008	533.6370239
2062.20792	2598924.614	1199262.94	533.7369995
2065.910268	2598926.875	1199265.871	533.8770142
2069.612616	2598929.135	1199268.803	533.7589722
2073.314964	2598931.396	1199271.735	533.7579956
2077.017312	2598933.657	1199274.667	533.7109985
2080.71966	2598935.918	1199277.599	533.6140137
2084.422008	2598938.179	1199280.531	533.5250244
2088.124357	2598940.44	1199283.463	533.3369751
2091.826705	2598942.701	1199286.395	533.3179932
2095.529053	2598944.962	1199289.326	533.1849976
2099.231401	2598947.222	1199292.258	533.2940063
2102.933749	2598949.483	1199295.19	533.210022
2106.636097	2598951.744	1199298.122	532.7609863
2110.338446	2598954.005	1199301.054	532.4039917
2114.040794	2598956.266	1199303.986	532.2479858
2117.743142	2598958.527	1199306.918	532.1069946
2121.44549	2598960.788	1199309.849	532.2750244
2125.147838	2598963.049	1199312.781	532.2800293
2128.850186	2598965.309	1199315.713	532.2360229
2132.552534	2598967.57	1199318.645	532.1740112
2136.254883	2598969.831	1199321.577	532.1409912
2139.957231	2598972.092	1199324.509	532.2930298
2143.659579	2598974.353	1199327.441	532.2880249
2147.361927	2598976.614	1199330.373	532.132019
2151.064275	2598978.875	1199333.304	532.3319702
2154.766623	2598981.136	1199336.236	532.4509888
2158.468972	2598983.396	1199339.168	532.1729736
2162.17132	2598985.657	1199342.1	532.3200073
2165.873668	2598987.918	1199345.032	529.6820068
2169.576016	2598990.179	1199347.964	528.8469849
2173.278364	2598992.44	1199350.896	528.9959717
2176.980712	2598994.701	1199353.827	531.3590088
2180.68306	2598996.962	1199356.759	531.3259888
2184.385409	2598999.223	1199359.691	531.6640015
2188.087757	2599001.483	1199362.623	531.65802
2191.790105	2599003.744	1199365.555	532.0679932
2195.492453	2599006.005	1199368.487	531.632019
2199.194801	2599008.266	1199371.419	531.6799927
2202.897149	2599010.527	1199374.35	531.8579712
2206.599497	2599012.788	1199377.282	531.8330078
2210.301846	2599015.049	1199380.214	531.6339722
2214.004194	2599017.31	1199383.146	531.6300049
2217.706542	2599019.57	1199386.078	531.3779907
2221.40889	2599021.831	1199389.01	531.2160034
2225.111238	2599024.092	1199391.942	531.2290039
2228.813586	2599026.353	1199394.874	531.3649902
2232.515935	2599028.614	1199397.805	531.3930054
2236.218283	2599030.875	1199400.737	531.6389771
2239.920631	2599033.136	1199403.669	532.1060181
2243.622979	2599035.397	1199406.601	532.5629883
2247.325327	2599037.657	1199409.533	532.5650024
2251.027675	2599039.918	1199412.465	532.6970215
2254.730023	2599042.179	1199415.397	532.6599731
2258.432372	2599044.44	1199418.328	532.6229858
2262.13472	2599046.701	1199421.26	532.5999756
2265.837068	2599048.962	1199424.192	532.6110229
2269.539416	2599051.223	1199427.124	532.6049805
2273.241764	2599053.484	1199430.056	532.3540039
2276.944112	2599055.744	1199432.988	531.710022
2280.64646	2599058.005	1199435.92	531.8519897
2284.348809	2599060.266	1199438.852	531.9229736
2288.051157	2599062.527	1199441.783	531.9869995
2291.753505	2599064.788	1199444.715	532.0529785
2295.455853	2599067.049	1199447.647	532.1229858
2299.158201	2599069.31	1199450.579	532.2420044
2302.860549	2599071.57	1199453.511	532.3380127
2306.562898	2599073.831	1199456.443	532.3959961
2310.265246	2599076.092	1199459.375	532.414978
2313.967594	2599078.353	1199462.306	532.3250122
2317.669942	2599080.614	1199465.238	532.322998
2321.37229	2599082.875	1199468.17	532.7399902
2325.074638	2599085.136	1199471.102	533.0029907
2328.776986	2599087.397	1199474.034	533.25
2332.479335	2599089.657	1199476.966	533.5440063
2336.181683	2599091.918	1199479.898	533.5670166
2339.884031	2599094.179	1199482.829	534.5189819
2343.586379	2599096.44	1199485.761	534.3930054
2347.288727	2599098.701	1199488.693	534.0770264
2350.991075	2599100.962	1199491.625	533.9660034
2354.693423	2599103.223	1199494.557	534.0720215
2358.395772	2599105.484	1199497.489	534.0709839
2362.09812	2599107.744	1199500.421	534.5349731
2365.800468	2599110.005	1199503.353	534.6199951
2369.502816	2599112.266	1199506.284	534.7479858
2373.205164	2599114.527	1199509.216	534.7139893
2376.907512	2599116.788	1199512.148	535.21698
2380.609861	2599119.049	1199515.08	535.2780151
2384.312209	2599121.31	1199518.012	535.7189941
2388.014557	2599123.571	1199520.944	535.7449951
2391.716905	2599125.831	1199523.876	535.7000122
2395.419253	2599128.092	1199526.807	535.8079834
2399.121601	2599130.353	1199529.739	535.8250122
2402.823949	2599132.614	1199532.671	536.0780029
2406.526298	2599134.875	1199535.603	536.085022
2410.228646	2599137.136	1199538.535	536.7449951
2413.930994	2599139.397	1199541.467	536.7449951
2417.633342	2599141.658	1199544.399	536.8590088
2421.33569	2599143.918	1199547.331	536.8519897
2425.038038	2599146.179	1199550.262	536.9589844
2428.740386	2599148.44	1199553.194	537.1229858
2432.442735	2599150.701	1199556.126	537.7930298
2436.145083	2599152.962	1199559.058	538.2000122
2439.847431	2599155.223	1199561.99	538.4000244
2443.549779	2599157.484	1199564.922	539.1890259
2447.252127	2599159.745	1199567.854	539.1820068
2450.954475	2599162.005	1199570.785	539.2730103
2454.656824	2599164.266	1199573.717	539.0980225
2458.359172	2599166.527	1199576.649	539.1339722
2462.06152	2599168.788	1199579.581	539.4790039
2465.763868	2599171.049	1199582.513	539.5360107
2469.466216	2599173.31	1199585.445	539.5189819
2473.168564	2599175.571	1199588.377	539.6270142
2476.870912	2599177.832	1199591.308	539.8560181
2480.573261	2599180.092	1199594.24	538.2639771
2484.275609	2599182.353	1199597.172	538.1209717
2487.977957	2599184.614	1199600.104	538.742981
2491.680305	2599186.875	1199603.036	539.6480103
2495.382653	2599189.136	1199605.968	540.0809937
2499.085001	2599191.397	1199608.9	542.2089844
2502.787349	2599193.658	1199611.832	542.2089844
2506.489698	2599195.919	1199614.763	542.8549805
2510.192046	2599198.179	1199617.695	542.7529907
2513.894394	2599200.44	1199620.627	542.9420166
2517.596742	2599202.701	1199623.559	542.9569702
2521.29909	2599204.962	1199626.491	543.0130005
2525.001438	2599207.223	1199629.423	543.0759888
2528.703787	2599209.484	1199632.355	543.1779785
2532.406135	2599211.745	1199635.286	543.0770264
2536.108483	2599214.006	1199638.218	543.2020264
2539.810831	2599216.266	1199641.15	543.0780029
2543.513179	2599218.527	1199644.082	542.6259766
2547.215527	2599220.788	1199647.014	542.5449829
2550.917875	2599223.049	1199649.946	542.3499756
2554.620224	2599225.31	1199652.878	542.3430176
2558.322572	2599227.571	1199655.81	542.3209839
2562.02492	2599229.832	1199658.741	542.5050049
2565.727268	2599232.093	1199661.673	542.2919922
2569.429616	2599234.353	1199664.605	542.2260132
2573.131964	2599236.614	1199667.537	542.3480225
2576.834312	2599238.875	1199670.469	542.2199707
2580.536661	2599241.136	1199673.401	542.1740112
2584.239009	2599243.397	1199676.333	542.184021
2587.941357	2599245.658	1199679.264	542.1779785
2591.643705	2599247.919	1199682.196	540.8880005
2595.346053	2599250.18	1199685.128	540.9990234
2599.048401	2599252.44	1199688.06	541.039978
2602.75075	2599254.701	1199690.992	541.1279907
2606.453098	2599256.962	1199693.924	541.1129761
2610.155446	2599259.223	1199696.856	540.9609985
2613.857794	2599261.484	1199699.787	540.8079834
2617.560142	2599263.745	1199702.719	540.7139893
2621.26249	2599266.006	1199705.651	540.5189819
2624.964838	2599268.266	1199708.583	540.5430298
2628.667187	2599270.527	1199711.515	540.5540161
2632.369535	2599272.788	1199714.447	547.2520142
2636.071883	2599275.049	1199717.379	547.1420288
2639.774231	2599277.31	1199720.311	547.3010254
2643.476579	2599279.571	1199723.242	550.5020142
2647.178927	2599281.832	1199726.174	551.5579834
2650.881275	2599284.093	1199729.106	551.9279785
2654.583624	2599286.353	1199732.038	552.7470093
2658.285972	2599288.614	1199734.97	553.9400024
2661.98832	2599290.875	1199737.902	554.3709717
2665.690668	2599293.136	1199740.834	554.4019775
2669.393016	2599295.397	1199743.765	554.473999
2673.095364	2599297.658	1199746.697	554.5930176
2676.797713	2599299.919	1199749.629	555.3380127
2680.500061	2599302.18	1199752.561	556.3319702
2684.202409	2599304.44	1199755.493	556.5419922
2687.904757	2599306.701	1199758.425	557.3569946
2691.607105	2599308.962	1199761.357	557.8629761
2695.309453	2599311.223	1199764.289	558.0880127
2699.011801	2599313.484	1199767.22	558.2739868
2702.71415	2599315.745	1199770.152	558.5380249
2706.416498	2599318.006	1199773.084	558.8319702
2710.118846	2599320.267	1199776.016	558.9329834
2713.821194	2599322.527	1199778.948	559.0380249
2717.523542	2599324.788	1199781.88	559.1669922
2721.22589	2599327.049	1199784.812	559.4019775
2724.928238	2599329.31	1199787.743	559.6309814
2728.630587	2599331.571	1199790.675	559.9240112
2732.332935	2599333.832	1199793.607	560.026001
2736.035283	2599336.093	1199796.539	560.1669922
2739.737631	2599338.354	1199799.471	560.4089966
2743.439979	2599340.614	1199802.403	560.6309814
2747.142327	2599342.875	1199805.335	560.6760254
2750.844676	2599345.136	1199808.267	560.8179932
2754.547024	2599347.397	1199811.198	560.7180176
2758.249372	2599349.658	1199814.13	560.4910278
2761.95172	2599351.919	1199817.062	560.0759888
2765.654068	2599354.18	1199819.994	558.5380249
2769.356416	2599356.441	1199822.926	558.9169922
2773.058764	2599358.701	1199825.858	558.7849731
2776.761113	2599360.962	1199828.79	558.598999
2780.463461	2599363.223	1199831.721	558.8859863
2784.165809	2599365.484	1199834.653	559.2160034
2787.868157	2599367.745	1199837.585	559.0560303
2791.570505	2599370.006	1199840.517	559.3400269
2795.272853	2599372.267	1199843.449	559.8989868
2798.975201	2599374.528	1199846.381	560.1359863
2802.67755	2599376.788	1199849.313	559.9530029
2806.379898	2599379.049	1199852.244	560.0440063
2810.082246	2599381.31	1199855.176	560.0419922
2813.784594	2599383.571	1199858.108	560.0440063
2817.486942	2599385.832	1199861.04	560.0599976
2821.18929	2599388.093	1199863.972	560.0700073
2824.891639	2599390.354	1199866.904	560.552002
2828.593987	2599392.615	1199869.836	560.5469971
2832.296335	2599394.875	1199872.768	560.4199829
2835.998683	2599397.136	1199875.699	560.3549805
2839.701031	2599399.397	1199878.631	560.2089844
2843.403379	2599401.658	1199881.563	560.210022
2847.105727	2599403.919	1199884.495	559.9229736
2850.808076	2599406.18	1199887.427	559.2979736
2854.510424	2599408.441	1199890.359	559.3209839
2858.212772	2599410.702	1199893.291	558.7030029
2861.91512	2599412.962	1199896.222	558.4840088
2865.617468	2599415.223	1199899.154	558.1760254
2869.319816	2599417.484	1199902.086	559.4390259
2873.022164	2599419.745	1199905.018	559.992981
2876.724513	2599422.006	1199907.95	559.9680176
2880.426861	2599424.267	1199910.882	561.223999
2884.129209	2599426.528	1199913.814	561.6300049
2887.831557	2599428.789	1199916.746	560.7449951
2891.533905	2599431.049	1199919.677	559.2379761
2895.236253	2599433.31	1199922.609	561.8900146
2898.938602	2599435.571	1199925.541	561.8359985
2902.64095	2599437.832	1199928.473	561.3179932
2906.343298	2599440.093	1199931.405	560.4559937
2910.045646	2599442.354	1199934.337	560.9329834
2913.747994	2599444.615	1199937.269	559.3189697
2917.450342	2599446.876	1199940.2	558.6270142
2921.15269	2599449.136	1199943.132	558.651001
2924.855039	2599451.397	1199946.064	561.3499756
2928.557387	2599453.658	1199948.996	562.960022
2932.259735	2599455.919	1199951.928	563.71698
2935.962083	2599458.18	1199954.86	563.9089966
2939.664431	2599460.441	1199957.792	564.5620117
2943.366779	2599462.702	1199960.723	565.039978
2947.069127	2599464.962	1199963.655	565.2360229
2950.771476	2599467.223	1199966.587	565.6350098
2954.473824	2599469.484	1199969.519	566.822998
2958.176172	2599471.745	1199972.451	567.5050049
2961.87852	2599474.006	1199975.383	568.2020264
2965.580868	2599476.267	1199978.315	568.3720093
2969.283216	2599478.528	1199981.247	568.2420044
2972.985565	2599480.789	1199984.178	568.5720215
2976.687913	2599483.049	1199987.11	568.4569702
2980.390261	2599485.31	1199990.042	568.3969727
2984.092609	2599487.571	1199992.974	568.3690186
2987.794957	2599489.832	1199995.906	568.2230225
2991.497305	2599492.093	1199998.838	567.9760132
2995.199653	2599494.354	1200001.77	567.4089966
2998.902002	2599496.615	1200004.701	566.0679932
3002.60435	2599498.876	1200007.633	566.4589844
3006.306698	2599501.136	1200010.565	565.5960083
3010.009046	2599503.397	1200013.497	565.5780029
3013.711394	2599505.658	1200016.429	565.7119751
3017.413742	2599507.919	1200019.361	565.6610107
3021.11609	2599510.18	1200022.293	564.289978
3024.818439	2599512.441	1200025.225	564.289978
3028.520787	2599514.702	1200028.156	563.2819824
3032.223135	2599516.963	1200031.088	563.25
3035.925483	2599519.223	1200034.02	562.3720093
3039.627831	2599521.484	1200036.952	562.0980225
3043.330179	2599523.745	1200039.884	561.7269897
3047.032528	2599526.006	1200042.816	559.6630249
3050.734876	2599528.267	1200045.748	559.4520264
3054.437224	2599530.528	1200048.679	559.0510254
3058.139572	2599532.789	1200051.611	558.8499756
3061.84192	2599535.05	1200054.543	558.5689697
3065.544268	2599537.31	1200057.475	558.625
3069.246616	2599539.571	1200060.407	558.697998
3072.948965	2599541.832	1200063.339	558.6090088
3076.651313	2599544.093	1200066.271	558.5709839
3080.353661	2599546.354	1200069.202	558.0980225
3084.056009	2599548.615	1200072.134	557.8189697
3087.758357	2599550.876	1200075.066	557.8120117
3091.460705	2599553.137	1200077.998	557.7440186
3095.163053	2599555.397	1200080.93	558.1149902
3098.865402	2599557.658	1200083.862	558.1450195
3102.56775	2599559.919	1200086.794	557.9589844
3106.270098	2599562.18	1200089.726	558.3179932
3109.972446	2599564.441	1200092.657	558.2659912
3113.674794	2599566.702	1200095.589	558.4349976
3117.377142	2599568.963	1200098.521	557.447998
3121.079491	2599571.224	1200101.453	557.3239746
3124.781839	2599573.484	1200104.385	557.7319946
3128.484187	2599575.745	1200107.317	558.3779907
3132.186535	2599578.006	1200110.249	558.3670044
3135.888883	2599580.267	1200113.18	558.4089966
3139.591231	2599582.528	1200116.112	558.507019
3143.293579	2599584.789	1200119.044	558.5419922
3146.995928	2599587.05	1200121.976	558.5499878
3150.698276	2599589.311	1200124.908	558.651001
3154.400624	2599591.571	1200127.84	558.7329712
3158.102972	2599593.832	1200130.772	558.7230225
3161.80532	2599596.093	1200133.704	558.7199707
3165.507668	2599598.354	1200136.635	558.6790161
3169.210016	2599600.615	1200139.567	558.6619873
3172.912365	2599602.876	1200142.499	558.6480103
3176.614713	2599605.137	1200145.431	558.632019
3180.317061	2599607.398	1200148.363	558.6259766
3184.019409	2599609.658	1200151.295	558.4589844
3187.721757	2599611.919	1200154.227	558.1539917
3191.424105	2599614.18	1200157.158	558.3300171
3195.126454	2599616.441	1200160.09	558.5460205
3198.828802	2599618.702	1200163.022	558.5969849
3202.53115	2599620.963	1200165.954	558.5809937
3206.233498	2599623.224	1200168.886	558.5499878
3209.935846	2599625.485	1200171.818	558.4810181
3213.638194	2599627.745	1200174.75	558.5419922
3217.340542	2599630.006	1200177.681	558.4370117
3221.042891	2599632.267	1200180.613	558.3250122
3224.745239	2599634.528	1200183.545	558.3129883
3228.447587	2599636.789	1200186.477	558.5269775
3232.149935	2599639.05	1200189.409	558.507019
3235.852283	2599641.311	1200192.341	558.6929932
3239.554631	2599643.572	1200195.273	558.6300049
3243.256979	2599645.832	1200198.205	558.6079712
3246.959328	2599648.093	1200201.136	558.3950195
3250.661676	2599650.354	1200204.068	558.5750122
3254.364024	2599652.615	1200207	558.4060059
3258.066372	2599654.876	1200209.932	558.3709717
3261.76872	2599657.137	1200212.864	558.4910278
3265.471068	2599659.398	1200215.796	558.1829834
3269.173417	2599661.658	1200218.728	558.3690186
3272.875765	2599663.919	1200221.659	558.367981
3276.578113	2599666.18	1200224.591	558.4199829
3280.280461	2599668.441	1200227.523	558.4940186
3283.982809	2599670.702	1200230.455	558.5180054
3287.685157	2599672.963	1200233.387	558.5020142
3291.387505	2599675.224	1200236.319	558.2319946
3295.089854	2599677.485	1200239.251	558.302002
3298.792202	2599679.745	1200242.183	558.2609863
3302.49455	2599682.006	1200245.114	558.3859863
3306.196898	2599684.267	1200248.046	558.4589844
3309.899246	2599686.528	1200250.978	558.4810181
3313.601594	2599688.789	1200253.91	558.5040283
3317.303942	2599691.05	1200256.842	558.4970093
3321.006291	2599693.311	1200259.774	558.5159912
3324.708639	2599695.572	1200262.706	558.6569824
3328.410987	2599697.832	1200265.637	558.6420288
3332.113335	2599700.093	1200268.569	558.6140137
3335.815683	2599702.354	1200271.501	558.5880127
3339.518031	2599704.615	1200274.433	558.5599976
3343.22038	2599706.876	1200277.365	558.5300293
3346.922728	2599709.137	1200280.297	558.7069702
3350.625076	2599711.398	1200283.229	558.6459961
3354.327424	2599713.659	1200286.161	558.2420044
3358.029772	2599715.919	1200289.092	558.2849731
3361.73212	2599718.18	1200292.024	558.4349976
3365.434468	2599720.441	1200294.956	558.4940186
3369.136817	2599722.702	1200297.888	558.6439819
3372.839165	2599724.963	1200300.82	558.2680054
3376.541513	2599727.224	1200303.752	558.210022
3380.243861	2599729.485	1200306.684	558.3670044
3383.946209	2599731.746	1200309.615	558.3759766
3387.648557	2599734.006	1200312.547	558.4320068
3391.350905	2599736.267	1200315.479	558.4530029
3395.053254	2599738.528	1200318.411	558.3640137
3398.755602	2599740.789	1200321.343	558.3389893
3402.45795	2599743.05	1200324.275	558.3309937
3406.160298	2599745.311	1200327.207	558.4450073
3409.862646	2599747.572	1200330.138	558.2890015
3413.564994	2599749.833	1200333.07	558.3239746
3417.267343	2599752.093	1200336.002	558.3839722
3420.969691	2599754.354	1200338.934	558.447998
3424.672039	2599756.615	1200341.866	558.3959961
3428.374387	2599758.876	1200344.798	558.5100098
3432.076735	2599761.137	1200347.73	558.5150146
3435.779083	2599763.398	1200350.662	558.5150146
3439.481431	2599765.659	1200353.593	558.3720093
3443.18378	2599767.92	1200356.525	558.4949951
3446.886128	2599770.18	1200359.457	558.3220215
3450.588476	2599772.441	1200362.389	558.3109741
3454.290824	2599774.702	1200365.321	558.4550171
3457.993172	2599776.963	1200368.253	558.2860107
3461.69552	2599779.224	1200371.185	557.9400024
3465.397868	2599781.485	1200374.116	557.6149902
3469.100217	2599783.746	1200377.048	557.8179932
3472.802565	2599786.007	1200379.98	557.7739868
3476.504913	2599788.267	1200382.912	558.34198
3480.207261	2599790.528	1200385.844	558.1849976
3483.909609	2599792.789	1200388.776	557.4030151
3487.611957	2599795.05	1200391.708	556.8889771
3491.314306	2599797.311	1200394.64	556.0830078
3495.016654	2599799.572	1200397.571	555.90802
3498.719002	2599801.833	1200400.503	557.3850098
3502.42135	2599804.094	1200403.435	558.0549927
3506.123698	2599806.354	1200406.367	558.1209717
3509.826046	2599808.615	1200409.299	558.117981
3513.528394	2599810.876	1200412.231	558.0570068
3517.230743	2599813.137	1200415.163	558.4910278
3520.933091	2599815.398	1200418.094	558.3560181
3524.635439	2599817.659	1200421.026	558.3120117
3528.337787	2599819.92	1200423.958	558.052002
3532.040135	2599822.181	1200426.89	558.151001
3535.742483	2599824.441	1200429.822	557.9899902
3539.444831	2599826.702	1200432.754	558.2189941
3543.14718	2599828.963	1200435.686	558.1199951
3546.849528	2599831.224	1200438.617	558.1489868
3550.551876	2599833.485	1200441.549	558.2080078
3554.254224	2599835.746	1200444.481	558.0499878
3557.956572	2599838.007	1200447.413	557.9819946
3561.65892	2599840.268	1200450.345	558.072998
3565.361269	2599842.528	1200453.277	557.7109985
3569.063617	2599844.789	1200456.209	557.9439697
3572.765965	2599847.05	1200459.141	557.875
3576.468313	2599849.311	1200462.072	557.9769897
3580.170661	2599851.572	1200465.004	557.9799805
3583.873009	2599853.833	1200467.936	557.9799805
3587.575357	2599856.094	1200470.868	557.9970093
3591.277706	2599858.354	1200473.8	557.757019
3594.980054	2599860.615	1200476.732	557.8699951
3598.682402	2599862.876	1200479.664	557.84198
3602.38475	2599865.137	1200482.595	557.90802
3606.087098	2599867.398	1200485.527	558.052002
3609.789446	2599869.659	1200488.459	558.1220093
3613.491794	2599871.92	1200491.391	557.8959961
3617.194143	2599874.181	1200494.323	557.6829834
3620.896491	2599876.441	1200497.255	557.7260132
3624.598839	2599878.702	1200500.187	557.5620117
3628.301187	2599880.963	1200503.119	557.6420288
3632.003535	2599883.224	1200506.05	557.7000122
3635.705883	2599885.485	1200508.982	557.7139893
3639.408232	2599887.746	1200511.914	557.8060303
3643.11058	2599890.007	1200514.846	557.7009888
3646.812928	2599892.268	1200517.778	557.3770142
3650.515276	2599894.528	1200520.71	557.2789917
3654.217624	2599896.789	1200523.642	557.2680054
3657.919972	2599899.05	1200526.573	557.3239746
3661.62232	2599901.311	1200529.505	557.177002
3665.324669	2599903.572	1200532.437	557.2479858
3669.027017	2599905.833	1200535.369	557.28302
3672.729365	2599908.094	1200538.301	556.9580078
3676.431713	2599910.355	1200541.233	556.289978
3680.134061	2599912.615	1200544.165	556.1380005
3683.836409	2599914.876	1200547.096	556.1439819
3687.538757	2599917.137	1200550.028	556.1300049
3691.241106	2599919.398	1200552.96	556.0809937
3694.943454	2599921.659	1200555.892	555.8519897
3698.645802	2599923.92	1200558.824	555.6199951
3702.34815	2599926.181	1200561.756	555.5930176
3702.34815	2599926.181	1200561.756	555.5930176
