#Distance	x(m)	y(m)	Elevation(m)
0	2597665.307	1197629.891	578
12.63600051	2597673.023	1197639.897	586
25.27200102	2597680.74	1197649.904	589
37.90800154	2597688.456	1197659.91	588
50.54400205	2597696.172	1197669.916	589
63.18000256	2597703.889	1197679.923	589
75.81600307	2597711.605	1197689.929	586
88.45200359	2597719.321	1197699.935	583
101.0880041	2597727.037	1197709.942	582
113.7240046	2597734.754	1197719.948	581
126.3600051	2597742.47	1197729.954	580
138.9960056	2597750.186	1197739.961	577
151.6320061	2597757.903	1197749.967	574
164.2680067	2597765.619	1197759.974	572
176.9040072	2597773.335	1197769.98	569
189.5400077	2597781.052	1197779.986	567
202.1760082	2597788.768	1197789.993	563
214.8120087	2597796.484	1197799.999	560
227.4480092	2597804.2	1197810.005	557
240.0840097	2597811.917	1197820.012	556
252.7200102	2597819.633	1197830.018	555
265.3560108	2597827.349	1197840.024	554
277.9920113	2597835.066	1197850.031	554
290.6280118	2597842.782	1197860.037	553
303.2640123	2597850.498	1197870.044	553
315.9000128	2597858.214	1197880.05	552
328.5360133	2597865.931	1197890.056	552
341.1720138	2597873.647	1197900.063	551
353.8080143	2597881.363	1197910.069	551
366.4440149	2597889.08	1197920.075	550
379.0800154	2597896.796	1197930.082	550
391.7160159	2597904.512	1197940.088	550
404.3520164	2597912.228	1197950.094	550
416.9880169	2597919.945	1197960.101	550
429.6240174	2597927.661	1197970.107	550
442.2600179	2597935.377	1197980.114	550
454.8960184	2597943.094	1197990.12	550
467.532019	2597950.81	1198000.126	550
480.1680195	2597958.526	1198010.133	550
492.80402	2597966.243	1198020.139	550
505.4400205	2597973.959	1198030.145	549
518.076021	2597981.675	1198040.152	549
530.7120215	2597989.391	1198050.158	548
543.348022	2597997.108	1198060.164	548
555.9840225	2598004.824	1198070.171	547
568.6200231	2598012.54	1198080.177	546
581.2560236	2598020.257	1198090.184	545
593.8920241	2598027.973	1198100.19	544
606.5280246	2598035.689	1198110.196	543
619.1640251	2598043.405	1198120.203	541
631.8000256	2598051.122	1198130.209	540
644.4360261	2598058.838	1198140.215	540
657.0720266	2598066.554	1198150.222	537
669.7080271	2598074.271	1198160.228	535
682.3440277	2598081.987	1198170.235	532
694.9800282	2598089.703	1198180.241	532
707.6160287	2598097.419	1198190.247	530
720.2520292	2598105.136	1198200.254	528
732.8880297	2598112.852	1198210.26	526
745.5240302	2598120.568	1198220.266	525
758.1600307	2598128.285	1198230.273	525
770.7960312	2598136.001	1198240.279	523
783.4320318	2598143.717	1198250.285	522
796.0680323	2598151.434	1198260.292	520
808.7040328	2598159.15	1198270.298	520
821.3400333	2598166.866	1198280.305	517
833.9760338	2598174.582	1198290.311	514
846.6120343	2598182.299	1198300.317	511
859.2480348	2598190.015	1198310.324	508
871.8840353	2598197.731	1198320.33	507
884.5200359	2598205.448	1198330.336	505
897.1560364	2598213.164	1198340.343	502
909.7920369	2598220.88	1198350.349	500
922.4280374	2598228.596	1198360.355	499
935.0640379	2598236.313	1198370.362	496
947.7000384	2598244.029	1198380.368	494
960.3360389	2598251.745	1198390.375	492
972.9720394	2598259.462	1198400.381	491
985.60804	2598267.178	1198410.387	489
998.2440405	2598274.894	1198420.394	486
1010.880041	2598282.61	1198430.4	483
1023.516041	2598290.327	1198440.406	479
1036.152042	2598298.043	1198450.413	478
1048.788043	2598305.759	1198460.419	473
1061.424043	2598313.476	1198470.425	470
1074.060044	2598321.192	1198480.432	467
1086.696044	2598328.908	1198490.438	466
1099.332045	2598336.625	1198500.445	464
1111.968045	2598344.341	1198510.451	463
1124.604046	2598352.057	1198520.457	460
1137.240046	2598359.773	1198530.464	460
1149.876047	2598367.49	1198540.47	456
1162.512047	2598375.206	1198550.476	452
1175.148048	2598382.922	1198560.483	448
1187.784048	2598390.639	1198570.489	445
1200.420049	2598398.355	1198580.495	444
1213.056049	2598406.071	1198590.502	441
1225.69205	2598413.787	1198600.508	439
1238.32805	2598421.504	1198610.515	436
1250.964051	2598429.22	1198620.521	435
1263.600051	2598436.936	1198630.527	432
1276.236052	2598444.653	1198640.534	427
1288.872052	2598452.369	1198650.54	423
1301.508053	2598460.085	1198660.546	419
1314.144053	2598467.801	1198670.553	418
1326.780054	2598475.518	1198680.559	416
1339.416054	2598483.234	1198690.566	412
1352.052055	2598490.95	1198700.572	408
1364.688055	2598498.667	1198710.578	406
1377.324056	2598506.383	1198720.585	401
1389.960056	2598514.099	1198730.591	397
1402.596057	2598521.816	1198740.597	394
1415.232057	2598529.532	1198750.604	393
1427.868058	2598537.248	1198760.61	390
1440.504058	2598544.964	1198770.616	388
1453.140059	2598552.681	1198780.623	385
1465.776059	2598560.397	1198790.629	381
1478.41206	2598568.113	1198800.636	381
1491.04806	2598575.83	1198810.642	378
1503.684061	2598583.546	1198820.648	376
1516.320061	2598591.262	1198830.655	373
1528.956062	2598598.978	1198840.661	373
1541.592062	2598606.695	1198850.667	369
1554.228063	2598614.411	1198860.674	364
1566.864064	2598622.127	1198870.68	359
1579.500064	2598629.844	1198880.686	357
1592.136065	2598637.56	1198890.693	350
1604.772065	2598645.276	1198900.699	344
1617.408066	2598652.993	1198910.706	338
1630.044066	2598660.709	1198920.712	333
1642.680067	2598668.425	1198930.718	331
1655.316067	2598676.141	1198940.725	325
1667.952068	2598683.858	1198950.731	317
1680.588068	2598691.574	1198960.737	311
1693.224069	2598699.29	1198970.744	311
1705.860069	2598707.007	1198980.75	308
1718.49607	2598714.723	1198990.756	308
1731.13207	2598722.439	1199000.763	307
1743.768071	2598730.155	1199010.769	307
1756.404071	2598737.872	1199020.776	308
1769.040072	2598745.588	1199030.782	307
1781.676072	2598753.304	1199040.788	307
1794.312073	2598761.021	1199050.795	306
1806.948073	2598768.737	1199060.801	307
1819.584074	2598776.453	1199070.807	307
1832.220074	2598784.169	1199080.814	306
1844.856075	2598791.886	1199090.82	306
1857.492075	2598799.602	1199100.826	307
1870.128076	2598807.318	1199110.833	306
1882.764076	2598815.035	1199120.839	305
1895.400077	2598822.751	1199130.846	304
1908.036077	2598830.467	1199140.852	304
1920.672078	2598838.184	1199150.858	305
1933.308078	2598845.9	1199160.865	304
1945.944079	2598853.616	1199170.871	303
1958.580079	2598861.332	1199180.877	303
1971.21608	2598869.049	1199190.884	304
1983.85208	2598876.765	1199200.89	304
1996.488081	2598884.481	1199210.897	304
2009.124081	2598892.198	1199220.903	305
2021.760082	2598899.914	1199230.909	305
2034.396082	2598907.63	1199240.916	306
2047.032083	2598915.346	1199250.922	307
2059.668083	2598923.063	1199260.928	308
2072.304084	2598930.779	1199270.935	309
2084.940085	2598938.495	1199280.941	309
2097.576085	2598946.212	1199290.947	310
2110.212086	2598953.928	1199300.954	311
2122.848086	2598961.644	1199310.96	312
2135.484087	2598969.36	1199320.967	312
2148.120087	2598977.077	1199330.973	314
2160.756088	2598984.793	1199340.979	315
2173.392088	2598992.509	1199350.986	317
2186.028089	2599000.226	1199360.992	319
2198.664089	2599007.942	1199370.998	319
2211.30009	2599015.658	1199381.005	321
2223.93609	2599023.375	1199391.011	322
2236.572091	2599031.091	1199401.017	324
2249.208091	2599038.807	1199411.024	326
2261.844092	2599046.523	1199421.03	328
2274.480092	2599054.24	1199431.037	332
2287.116093	2599061.956	1199441.043	336
2299.752093	2599069.672	1199451.049	340
2312.388094	2599077.389	1199461.056	347
2325.024094	2599085.105	1199471.062	355
2337.660095	2599092.821	1199481.068	362
2350.296095	2599100.537	1199491.075	368
2362.932096	2599108.254	1199501.081	371
2375.568096	2599115.97	1199511.087	376
2388.204097	2599123.686	1199521.094	381
2400.840097	2599131.403	1199531.1	386
2413.476098	2599139.119	1199541.107	389
2426.112098	2599146.835	1199551.113	393
2438.748099	2599154.551	1199561.119	397
2451.384099	2599162.268	1199571.126	401
2464.0201	2599169.984	1199581.132	404
2476.6561	2599177.7	1199591.138	409
2489.292101	2599185.417	1199601.145	413
2501.928101	2599193.133	1199611.151	416
2514.564102	2599200.849	1199621.157	420
2527.200102	2599208.566	1199631.164	422
2539.836103	2599216.282	1199641.17	426
2552.472103	2599223.998	1199651.177	429
2565.108104	2599231.714	1199661.183	432
2577.744104	2599239.431	1199671.189	435
2590.380105	2599247.147	1199681.196	438
2603.016106	2599254.863	1199691.202	442
2615.652106	2599262.58	1199701.208	445
2628.288107	2599270.296	1199711.215	447
2640.924107	2599278.012	1199721.221	450
2653.560108	2599285.728	1199731.227	453
2666.196108	2599293.445	1199741.234	455
2678.832109	2599301.161	1199751.24	458
2691.468109	2599308.877	1199761.247	460
2704.10411	2599316.594	1199771.253	462
2716.74011	2599324.31	1199781.259	463
2729.376111	2599332.026	1199791.266	464
2742.012111	2599339.743	1199801.272	465
2754.648112	2599347.459	1199811.278	466
2767.284112	2599355.175	1199821.285	467
2779.920113	2599362.891	1199831.291	469
2792.556113	2599370.608	1199841.298	470
2805.192114	2599378.324	1199851.304	471
2817.828114	2599386.04	1199861.31	474
2830.464115	2599393.757	1199871.317	476
2843.100115	2599401.473	1199881.323	480
2855.736116	2599409.189	1199891.329	482
2868.372116	2599416.905	1199901.336	486
2881.008117	2599424.622	1199911.342	491
2893.644117	2599432.338	1199921.348	498
2906.280118	2599440.054	1199931.355	505
2918.916118	2599447.771	1199941.361	509
2931.552119	2599455.487	1199951.368	514
2944.188119	2599463.203	1199961.374	520
2956.82412	2599470.919	1199971.38	524
2969.46012	2599478.636	1199981.387	527
2982.096121	2599486.352	1199991.393	530
2994.732121	2599494.068	1200001.399	532
3007.368122	2599501.785	1200011.406	533
3020.004122	2599509.501	1200021.412	533
3032.640123	2599517.217	1200031.418	533
3045.276123	2599524.934	1200041.425	532
3057.912124	2599532.65	1200051.431	531
3070.548124	2599540.366	1200061.438	530
3083.184125	2599548.082	1200071.444	530
3095.820125	2599555.799	1200081.45	529
3108.456126	2599563.515	1200091.457	528
3121.092127	2599571.231	1200101.463	527
3133.728127	2599578.948	1200111.469	526
3146.364128	2599586.664	1200121.476	525
3159.000128	2599594.38	1200131.482	524
3171.636129	2599602.096	1200141.488	522
3184.272129	2599609.813	1200151.495	522
3196.90813	2599617.529	1200161.501	521
3209.54413	2599625.245	1200171.508	520
3222.180131	2599632.962	1200181.514	520
3234.816131	2599640.678	1200191.52	520
3247.452132	2599648.394	1200201.527	520
3260.088132	2599656.11	1200211.533	520
3272.724133	2599663.827	1200221.539	520
3285.360133	2599671.543	1200231.546	520
3297.996134	2599679.259	1200241.552	521
3310.632134	2599686.976	1200251.558	521
3323.268135	2599694.692	1200261.565	522
3335.904135	2599702.408	1200271.571	523
3348.540136	2599710.125	1200281.578	524
3361.176136	2599717.841	1200291.584	524
3373.812137	2599725.557	1200301.59	525
3386.448137	2599733.273	1200311.597	526
3399.084138	2599740.99	1200321.603	527
3411.720138	2599748.706	1200331.609	527
3424.356139	2599756.422	1200341.616	528
3436.992139	2599764.139	1200351.622	529
3449.62814	2599771.855	1200361.629	530
3462.26414	2599779.571	1200371.635	530
3474.900141	2599787.287	1200381.641	531
3487.536141	2599795.004	1200391.648	533
3500.172142	2599802.72	1200401.654	534
3512.808142	2599810.436	1200411.66	536
3525.444143	2599818.153	1200421.667	537
3538.080143	2599825.869	1200431.673	539
3550.716144	2599833.585	1200441.679	540
3563.352144	2599841.301	1200451.686	540
3575.988145	2599849.018	1200461.692	540
3588.624145	2599856.734	1200471.699	540
3601.260146	2599864.45	1200481.705	540
3613.896147	2599872.167	1200491.711	540
3626.532147	2599879.883	1200501.718	540
3639.168148	2599887.599	1200511.724	540
3651.804148	2599895.316	1200521.73	540
3664.440149	2599903.032	1200531.737	540
3677.076149	2599910.748	1200541.743	540
3689.71215	2599918.464	1200551.749	540
3702.34815	2599926.181	1200561.756	540
3702.34815	2599926.181	1200561.756	540
