#Initial data for the profilename profile
#This file consolidates the information needing to be transformed to run the PRISMA routine. It is only required for the 1st model of a new gravity profile
#DO NOT remove/add spaces or new header lines without adjusting the code

#Angles
#For the projection onto the gravity profile (°), alpha
-37.64

#For LCS rotation and back rotation to CH coor (°), theta
54

#Gravity profile length (m)
3702.348

#Gravity profile start CH-coordinates and LCS coordinates
2597665.307 1197629.891 531.306

#Gravity profile end CH-coordinates and LCS coordinates
2599926.181 1200561.756 531.306

#LCS origin CH-coordinates
2598787.660	1199085.341	531.306

#Number of stations
40

#Number of drillings
31

#Number of prisms
5

#Gravity stations data
#MP name	E (m)	N (m)	Height (m)	Bouguer anomaly(mGal)	Regional gravity(mGal)	Residual anomaly(mGal)
1101	2598184.015	1198315.183	558.397	-92.14	-91.97	-0.17
1102	2598226.462	1198371.008	556.207	-92.29	-91.96	-0.33
1103	2598294.642	1198498.712	550.568	-92.22	-91.95	-0.27
1104	2598363.800	1198566.970	549.340	-92.41	-91.96	-0.45
1105	2598429.377	1198637.707	551.425	-92.58	-91.94	-0.64
1106	2598486.328	1198743.333	551.771	-92.78	-91.93	-0.85
1107	2598508.920	1198850.762	544.747	-92.76	-91.92	-0.84
1108	2598617.781	1198889.313	547.631	-93.16	-91.91	-1.25
1109	2598688.959	1198978.720	551.264	-93.75	-91.90	-1.85
1110	2598756.687	1199037.147	552.841	-94.13	-91.88	-2.25
1111	2598785.491	1199096.701	553.822	-94.25	-91.87	-2.38
1112	2598866.232	1199165.430	542.488	-93.83	-91.85	-1.98
1113	2598919.845	1199273.401	533.969	-93.64	-91.83	-1.81
1114	2599026.995	1199377.308	531.306	-93.48	-91.79	-1.69
1115	2599100.597	1199515.339	535.868	-92.97	-91.75	-1.22
1116	2599005.549	1199446.922	534.365	-93.26	-91.78	-1.48
1117	2599131.447	1199639.401	543.484	-92.81	-91.71	-1.10
1120	2599506.582	1199946.364	565.129	-92.11	-91.51	-0.60
1123	2599556.929	1200070.451	558.031	-91.65	-91.43	-0.22
1124	2599339.019	1199786.197	559.783	-92.53	-91.62	-0.91
1125	2599396.013	1199885.158	560.281	-92.24	-91.56	-0.68
1201	2598181.975	1198316.038	558.502	-92.09	-91.97	-0.12
1202	2598230.004	1198163.892	558.286	-92.06	-91.97	-0.09
1203	2598205.965	1197993.928	561.337	-92.24	-91.97	-0.27
1204	2598153.895	1197915.942	569.249	-92.26	-91.97	-0.29
1205	2598201.761	1197777.820	568.199	-92.47	-91.97	-0.50
1206	2598212.174	1197641.850	574.677	-92.53	-91.96	-0.57
1207	2598100.062	1197518.131	581.563	-92.55	-91.96	-0.59
1126	2599953.974	1200544.115	554.438	-90.91	-90.91	0.00
1133	2597503.927	1197793.871	628.639	-92.09	-91.95	-0.14
1129	2597668.089	1197628.218	609.233	-92.01	-91.95	-0.06
1130	2597745.853	1197673.999	609.236	-92.07	-91.96	-0.11
11110	2598802.163	1199074.157	553.813	-94.32	-91.87	-2.45
1131	2598847.901	1199115.933	553.282	-94.21	-91.86	-2.35
11120	2598868.078	1199174.058	542.098	-93.86	-91.85	-2.01
1132	2598913.995	1199206.163	536.522	-93.86	-91.84	-2.02
11240	2599333.836	1199787.907	559.683	-92.53	-91.62	-0.91
1134	2599193.825	1199658.108	543.851	-92.70	-91.69	-1.01
11170	2599131.843	1199640.108	543.526	-92.76	-91.71	-1.05
11230	2599568.174	1200068.119	558.107	-91.64	-91.43	-0.21

#Drillings data
#Nb	E (m)	N (m)	Elevation (m)
1	2598690	1198915	332
2	2598712	1198900	322
3	2598706	1198932	307
4	2599420	1199820	469
5	2599450	1199830	473
6	2599383	1199923	484
7	2599627	1200183	518.6
8	2599755	1200180	528.46
9	2599828	1200285	528.99
10	2599743	1200473	533.62
11	2599900	1200414	539.76
12	2599860	1200495	544.14
13	2599885	1200515	539.5
14	2599910	1200530	541.69
15	2599970	1200510	539.64
16	2599828	1200544	539.5
17	2597666	1197612	575
18	2597686	1197621	593
19	2597745	1197690	582
20	2597745	1197700	584
21	2598267	1198105	451
22	2597881	1197614	572
23	2597874	1197692	541
24	2598215	1198315	474
25	2597641	1197676	559
26	2598777	1199089	256
27	2597846	1197735	569
28	2599901	1200260	540
29	2597835	1197631	580
30	2598550	1198678	380
31	2598920	1199560	337

#Top prism CH coordinates
#E	N		Elevation
2596434.918 	 1199249.647 	 531.296   
2597845.603 	 1201191.288 	 531.296   
2599266.478 	 1197192.399 	 531.296   
2600677.163 	 1199134.040 	 531.296   

#Prism LCS coordinates, input for PRISMA	
#xmax(m)	 xmin(m)	 ymax(m)	 ymin(m)	 zmax(m)	 zmin(m)	 density contrast(kg/m3)
1250       	 -1150      	 2000       	 -1500      	 20.01      	 0.01       	 -300       	
963        	 -1024      	 2000       	 -1500      	 60.01      	 20.01      	 -300       	
688        	 -690       	 2000       	 -1500      	 120.01     	 60.01      	 -300       	
463        	 -460       	 2000       	 -1500      	 200.01     	 120.01     	 -300       	
188        	 -115       	 2000       	 -1500      	 260.01     	 200.01     	 -300  