#PRISMA routine run date and start time:
#2023-06-06 15:29:26.547079

#Run folder path
#Data_files

#PRISMA input file name and path
#Data_files/Bern1_model1_PRISM_input.txt

#Study region xmax (m)  xmin(m)   ymax (m)  ymin(m)  zmax (m)  zmin(m) 
#(10000.0, -8000.0, 10000.0, -8000.0, 4000.0, -1000.0)

#Input for Bern1_model1

#Input creation date and time:
2023-06-06 15:26:08.074907

#Initial profile data input file
initial_input_bern1.txt

#Angles
#For the projection onto the gravity profile (°), alpha
-37.64

#For LCS rotation and back rotation to CH coor (°), theta
54.0

#Gravity profile length (m)
3702.348

#Gravity profile start CH-coordinates and LCS coordinates
2597665.307 1197629.891 531.306
1837.186   52.511     -0.0

#Gravity profile end CH-coordinates and LCS coordinates
2599926.181 1200561.756 531.306
-1863.651  -53.268    -0.0

#LCS origin CH-coordinates
2598787.66 1199085.341 531.306

#Number of stations
40

#Number of drillings
31

#MP Station 	| CH coordinates(m) E,	N,	Elev	| Distance(m) along	away from the profile	| Distance check 	| LCS coordinates(m) x,	y,	z	| Bouguer anomaly(mGal)	| Regional anomaly(mGal)	| Residual anomaly(mGal)	| All prisms gravity effect (mGal)	| Invididual prisms gravity effect (mGal)
1101       	 2598184.015	1198315.183	558.397   	859.430   	-7.760     	  ok  	 977.88     	 35.67      	 -27.09     	 -92.14    	-91.97    	-0.17      	 -0.60      	 -0.24     	-0.21     	-0.07     	-0.06     	-0.02     
1102       	 2598226.462	1198371.008	556.207   	929.560   	-8.240     	  ok  	 907.77     	 34.14      	 -24.90     	 -92.29    	-91.96    	-0.33      	 -0.79      	 -0.24     	-0.36     	-0.09     	-0.08     	-0.02     
1103       	 2598294.642	1198498.712	550.568   	1072.320  	-32.240    	  ok  	 764.38     	 54.05      	 -19.26     	 -92.22    	-91.95    	-0.27      	 -1.05      	 -0.24     	-0.45     	-0.21     	-0.12     	-0.03     
1104       	 2598363.800	1198566.970	549.340   	1168.610  	-19.160    	  ok  	 668.51     	 38.22      	 -18.03     	 -92.41    	-91.96    	-0.45      	 -1.31      	 -0.25     	-0.46     	-0.40     	-0.17     	-0.04     
1105       	 2598429.377	1198637.707	551.425   	1264.670  	-10.430    	  ok  	 572.74     	 26.74      	 -20.12     	 -92.58    	-91.94    	-0.64      	 -1.58      	 -0.25     	-0.47     	-0.55     	-0.26     	-0.05     
1106       	 2598486.328	1198743.333	551.771   	1383.090  	-29.840    	  ok  	 453.81     	 42.76      	 -20.46     	 -92.78    	-91.93    	-0.85      	 -1.87      	 -0.25     	-0.47     	-0.62     	-0.45     	-0.08     
1107       	 2598508.920	1198850.762	544.747   	1481.960  	-77.560    	  ok  	 353.62     	 87.62      	 -13.44     	 -92.76    	-91.92    	-0.84      	 -2.11      	 -0.25     	-0.48     	-0.65     	-0.61     	-0.12     
1108       	 2598617.781	1198889.313	547.631   	1578.960  	-14.900    	  ok  	 258.44     	 22.21      	 -16.32     	 -93.16    	-91.91    	-1.25      	 -2.25      	 -0.25     	-0.48     	-0.66     	-0.69     	-0.17     
1109       	 2598688.959	1198978.720	551.264   	1693.230  	-13.130    	  ok  	 144.27     	 17.18      	 -19.96     	 -93.75    	-91.90    	-1.85      	 -2.37      	 -0.25     	-0.48     	-0.67     	-0.74     	-0.23     
1110       	 2598756.687	1199037.147	552.841   	1780.860  	4.820      	  ok  	 57.20      	 -3.27      	 -21.53     	 -94.13    	-91.88    	-2.25      	 -2.41      	 -0.25     	-0.48     	-0.67     	-0.75     	-0.26     
1111       	 2598785.491	1199096.701	553.822   	1845.610  	-8.750     	  ok  	 -7.92      	 8.43       	 -22.52     	 -94.25    	-91.87    	-2.38      	 -2.41      	 -0.25     	-0.48     	-0.67     	-0.76     	-0.25     
1112       	 2598866.232	1199165.430	542.488   	1949.340  	13.220     	  ok  	 -110.98    	 -16.49     	 -11.18     	 -93.83    	-91.85    	-1.98      	 -2.38      	 -0.25     	-0.48     	-0.68     	-0.76     	-0.22     
1113       	 2598919.845	1199273.401	533.969   	2067.580  	-10.270    	  ok  	 -229.84    	 3.60       	 -2.66      	 -93.64    	-91.83    	-1.81      	 -2.28      	 -0.25     	-0.49     	-0.68     	-0.73     	-0.14     
1114       	 2599026.995	1199377.308	531.306   	2215.300  	11.130     	  ok  	 -376.88    	 -22.01     	 -0.00      	 -93.48    	-91.79    	-1.69      	 -2.07      	 -0.25     	-0.49     	-0.66     	-0.59     	-0.08     
1115       	 2599100.597	1199515.339	535.868   	2369.550  	-14.890    	  ok  	 -531.82    	 -0.42      	 -4.56      	 -92.97    	-91.75    	-1.22      	 -1.69      	 -0.25     	-0.48     	-0.60     	-0.31     	-0.04     
1116       	 2599005.549	1199446.922	534.365   	2257.320  	-48.370    	  ok  	 -420.60    	 36.26      	 -3.06      	 -93.26    	-91.78    	-1.48      	 -1.96      	 -0.25     	-0.48     	-0.65     	-0.51     	-0.07     
1117       	 2599131.447	1199639.401	543.484   	2486.630  	-66.220    	  ok  	 -650.32    	 47.54      	 -12.18     	 -92.81    	-91.71    	-1.10      	 -1.37      	 -0.25     	-0.47     	-0.45     	-0.18     	-0.03     
1120       	 2599506.582	1199946.364	565.129   	2958.790  	43.370     	  ok  	 -1119.15   	 -75.52     	 -33.82     	 -92.11    	-91.51    	-0.60      	 -0.37      	 -0.17     	-0.10     	-0.05     	-0.04     	-0.01     
1123       	 2599556.929	1200070.451	558.031   	3087.800  	7.460      	  ok  	 -1249.14   	 -43.32     	 -26.72     	 -91.65    	-91.43    	-0.22      	 -0.14      	 -0.03     	-0.04     	-0.03     	-0.03     	-0.01     
1124       	 2599339.019	1199786.197	559.783   	2729.630  	8.500      	  ok  	 -891.09    	 -34.11     	 -28.48     	 -92.53    	-91.62    	-0.91      	 -0.86      	 -0.24     	-0.42     	-0.10     	-0.08     	-0.02     
1125       	 2599396.013	1199885.158	560.281   	2842.800  	-6.800     	  ok  	 -1004.65   	 -22.05     	 -28.97     	 -92.24    	-91.56    	-0.68      	 -0.65      	 -0.23     	-0.29     	-0.06     	-0.06     	-0.01     
1201       	 2598181.975	1198316.038	558.502   	858.860   	-9.900     	  ok  	 978.39     	 37.82      	 -27.20     	 -92.09    	-91.97    	-0.12      	 -0.59      	 -0.24     	-0.21     	-0.07     	-0.06     	-0.02     
1202       	 2598230.004	1198163.892	558.286   	767.720   	121.050    	  ok  	 1073.25    	 -90.46     	 -26.98     	 -92.06    	-91.97    	-0.09      	 -0.42      	 -0.23     	-0.08     	-0.05     	-0.05     	-0.01     
1203       	 2598205.965	1197993.928	561.337   	618.450   	205.810    	  ok  	 1224.88    	 -170.92    	 -30.03     	 -92.24    	-91.97    	-0.27      	 -0.28      	 -0.17     	-0.03     	-0.03     	-0.03     	-0.01     
1204       	 2598153.895	1197915.942	569.249   	524.890   	212.200    	  ok  	 1318.58    	 -174.63    	 -37.94     	 -92.26    	-91.97    	-0.29      	 -0.14      	 -0.05     	-0.03     	-0.03     	-0.03     	-0.01     
1205       	 2598201.761	1197777.820	568.199   	444.750   	334.460    	  far  	 1402.19    	 -294.54    	 -36.89     	 -92.47    	-91.97    	-0.50      	 -0.10      	 -0.02     	-0.02     	-0.02     	-0.03     	-0.01     
1206       	 2598212.174	1197641.850	574.677   	343.440   	425.740    	  far  	 1506.07    	 -382.88    	 -43.37     	 -92.53    	-91.96    	-0.57      	 -0.08      	 -0.01     	-0.02     	-0.02     	-0.02     	-0.01     
1207       	 2598100.062	1197518.131	581.563   	177.010   	412.520    	  far  	 1672.06    	 -364.90    	 -50.26     	 -92.55    	-91.96    	-0.59      	 -0.06      	 -0.01     	-0.01     	-0.01     	-0.02     	-0.01     
1126       	 2599953.974	1200544.115	554.438   	3705.350  	32.600     	  ok  	 -1865.72   	 -86.12     	 -23.13     	 -90.91    	-90.91    	0.00       	 -0.03      	 -0.00     	-0.01     	-0.01     	-0.01     	-0.00     
1133       	 2597503.927	1197793.871	628.639   	31.300    	-227.930   	  ok  	 1799.38    	 279.45     	 -97.33     	 -92.09    	-91.95    	-0.14      	 -0.06      	 -0.01     	-0.01     	-0.02     	-0.02     	-0.01     
1129       	 2597668.089	1197628.218	609.233   	0.370     	3.220      	  ok  	 1836.90    	 49.28      	 -77.93     	 -92.01    	-91.95    	-0.06      	 -0.05      	 -0.01     	-0.01     	-0.01     	-0.02     	-0.00     
1130       	 2597745.853	1197673.999	609.236   	84.120    	36.840     	  ok  	 1754.16    	 13.27      	 -77.93     	 -92.07    	-91.96    	-0.11      	 -0.06      	 -0.01     	-0.01     	-0.02     	-0.02     	-0.01     
11110      	 2598802.163	1199074.157	553.813   	1837.940  	18.220     	  ok  	 0.52       	 -18.31     	 -22.51     	 -94.32    	-91.87    	-2.45      	 -2.41      	 -0.25     	-0.48     	-0.67     	-0.76     	-0.25     
1131       	 2598847.901	1199115.933	553.282   	1898.950  	28.930     	  ok  	 -60.16     	 -30.75     	 -21.98     	 -94.21    	-91.86    	-2.35      	 -2.39      	 -0.25     	-0.48     	-0.67     	-0.75     	-0.24     
11120      	 2598868.078	1199174.058	542.098   	1957.300  	9.410      	  ok  	 -119.04    	 -12.91     	 -10.79     	 -93.86    	-91.85    	-2.01      	 -2.38      	 -0.25     	-0.48     	-0.68     	-0.76     	-0.21     
1132       	 2598913.995	1199206.163	536.522   	2010.760  	26.160     	  ok  	 -172.00    	 -31.19     	 -5.22      	 -93.86    	-91.84    	-2.02      	 -2.34      	 -0.25     	-0.49     	-0.68     	-0.75     	-0.18     
11240      	 2599333.836	1199787.907	559.683   	2727.820  	3.350      	  ok  	 -889.42    	 -28.91     	 -28.38     	 -92.53    	-91.62    	-0.91      	 -0.86      	 -0.24     	-0.42     	-0.10     	-0.08     	-0.02     
1134       	 2599193.825	1199658.108	543.851   	2539.530  	-28.250    	  ok  	 -702.12    	 8.07       	 -12.54     	 -92.70    	-91.69    	-1.01      	 -1.21      	 -0.25     	-0.47     	-0.33     	-0.14     	-0.03     
11170      	 2599131.843	1199640.108	543.526   	2487.430  	-66.340    	  ok  	 -651.12    	 47.63      	 -12.22     	 -92.76    	-91.71    	-1.05      	 -1.37      	 -0.25     	-0.47     	-0.44     	-0.18     	-0.03     
11230      	 2599568.174	1200068.119	558.107   	3092.820  	17.790     	  ok  	 -1253.86   	 -53.79     	 -26.80     	 -91.64    	-91.43    	-0.21      	 -0.13      	 -0.03     	-0.04     	-0.03     	-0.03     	-0.01     
 
#Drilling number	| CH coordinates(m) E,	N,	Elev	| Distance(m) along	away from the profile	| Distance check 	| LCS coordinates(m) x,	y,	z
1          	 2598690.00 	 1198915.00 	 332.00     	 1643.41    	 26.60      	 ok 	 195.21     	 -21.12     	 199.31    
2          	 2598712.00 	 1198900.00 	 322.00     	 1644.97    	 53.18      	 ok 	 194.42     	 -47.73     	 209.31    
3          	 2598706.00 	 1198932.00 	 307.00     	 1666.64    	 28.89      	 ok 	 172.05     	 -24.07     	 224.31    
4          	 2599420.00 	 1199820.00 	 469.00     	 2805.86    	 51.98      	 ok 	 -966.03    	 -79.75     	 62.31     
5          	 2599450.00 	 1199830.00 	 473.00     	 2832.09    	 69.63      	 ok 	 -991.76    	 -98.14     	 58.31     
6          	 2599383.00 	 1199923.00 	 484.00     	 2864.82    	 -40.22     	 ok 	 -1027.61   	 10.72      	 47.31     
7          	 2599627.00 	 1200183.00 	 518.60     	 3219.72    	 -5.79      	 ok 	 -1381.38   	 -33.85     	 12.71     
8          	 2599755.00 	 1200180.00 	 528.46     	 3295.51    	 97.40      	 ok 	 -1454.19   	 -139.17    	 2.85      
9          	 2599828.00 	 1200285.00 	 528.99     	 3423.24    	 91.09      	 ok 	 -1582.04   	 -136.51    	 2.32      
10         	 2599743.00 	 1200473.00 	 533.62     	 3520.20    	 -91.03     	 ok 	 -1684.17   	 42.76      	 -2.31     
11         	 2599900.00 	 1200414.00 	 539.76     	 3569.36    	 69.32      	 ok 	 -1728.72   	 -118.94    	 -8.45     
12         	 2599860.00 	 1200495.00 	 544.14     	 3609.07    	 -11.82     	 ok 	 -1770.74   	 -38.96     	 -12.83    
13         	 2599885.00 	 1200515.00 	 539.50     	 3640.17    	 -4.24      	 ok 	 -1801.62   	 -47.43     	 -8.19     
14         	 2599910.00 	 1200530.00 	 541.69     	 3667.32    	 6.40       	 ok 	 -1828.45   	 -58.84     	 -10.38    
15         	 2599970.00 	 1200510.00 	 539.64     	 3688.12    	 66.13      	 ok 	 -1847.54   	 -119.14    	 -8.33     
16         	 2599828.00 	 1200544.00 	 539.50     	 3628.33    	 -67.08     	 ok 	 -1791.58   	 15.73      	 -8.19     
17         	 2597666.00 	 1197612.00 	 575.00     	 -13.74     	 11.47      	 ok 	 1851.25    	 41.43      	 -43.69    
18         	 2597686.00 	 1197621.00 	 593.00     	 5.60       	 21.82      	 ok 	 1832.22    	 30.54      	 -61.69    
19         	 2597745.00 	 1197690.00 	 582.00     	 96.27      	 26.40      	 ok 	 1741.71    	 23.37      	 -50.69    
20         	 2597745.00 	 1197700.00 	 584.00     	 104.19     	 20.29      	 ok 	 1733.62    	 29.25      	 -52.69    
21         	 2598267.00 	 1198105.00 	 451.00     	 743.67     	 186.31     	 ok 	 1099.15    	 -155.01    	 80.31     
22         	 2597881.00 	 1197614.00 	 572.00     	 119.14     	 180.50     	 ok 	 1723.26    	 -131.33    	 -40.69    
23         	 2597874.00 	 1197692.00 	 541.00     	 176.63     	 127.33     	 ok 	 1664.27    	 -79.82     	 -9.69     
24         	 2598215.00 	 1198315.00 	 474.00     	 878.21     	 16.89      	 ok 	 959.82     	 10.50      	 57.31     
25         	 2597641.00 	 1197676.00 	 559.00     	 21.67      	 -47.41     	 ok 	 1814.17    	 99.28      	 -27.69    
26         	 2598777.00 	 1199089.00 	 256.00     	 1834.32    	 -10.77     	 ok 	 3.31       	 10.77      	 275.31    
27         	 2597846.00 	 1197735.00 	 569.00     	 193.58     	 78.89      	 ok 	 1645.94    	 -31.89     	 -37.69    
28         	 2599901.00 	 1200260.00 	 540.00     	 3448.02    	 164.16     	 ok 	 -1604.72   	 -210.26    	 -8.69     
29         	 2597835.00 	 1197631.00 	 580.00     	 104.51     	 133.70     	 ok 	 1736.55    	 -84.12     	 -48.69    
30         	 2598550.00 	 1198678.00 	 380.00     	 1370.24    	 60.48      	 ok 	 469.24     	 -47.16     	 151.31    
31         	 2598920.00 	 1199560.00 	 337.00     	 2294.62    	 -185.17    	 ok 	 -461.79    	 171.93     	 194.31    
 
#Prism LCS coordinates, input for PRISMA	
#Number of prisms
5

#Top prism CH coordinates
#E	N		Elevation
2596434.918 	 1199249.647 	 531.296   
2597845.603 	 1201191.288 	 531.296   
2599266.478 	 1197192.399 	 531.296   
2600677.163 	 1199134.040 	 531.296   

#xmax(m)	 xmin(m)	 ymax(m)	 ymin(m)	 zmax(m)	 zmin(m)	 density contrast(kg/m3)
1250.00    	 -1150.00   	 2000.00    	 -1500.00   	 20.01      	 0.01       	 -300.00    	
963.00     	 -1024.00   	 2000.00    	 -1500.00   	 60.01      	 20.01      	 -300.00    	
688.00     	 -690.00    	 2000.00    	 -1500.00   	 120.01     	 60.01      	 -300.00    	
463.00     	 -460.00    	 2000.00    	 -1500.00   	 200.01     	 120.01     	 -300.00    	
188.00     	 -115.00    	 2000.00    	 -1500.00   	 260.01     	 200.01     	 -300.00    	
